1 1
2 39
3 168 
4 303 
5 334 
6 468 
7 510 
8 661 
9 785 
10 819
11 985
12 1088
13 1140
14 1300
15 1351
16 1464
17 1590
18 1662
19 1768
20 1877
21 1974
22 2066
23 2191
24 2309
25 2335
26 2509
27 2604
28 2666
29 2733
30 2867
31 3005
32 3071
33 3145
34 3217
35 3332
36 3452
37 3553
38 3677
39 3736
40 3892
41 3986
42 4026
43 4155
44 4263
45 4407
46 4428
47 4573
48 4701
49 4743
50 4863
51 4995
52 5109
53 5115
54 5277
55 5362
56 5415
57 5513
58 5675
59 5772
60 5906
61 5977
62 6078
63 6140
64 6268
65 6314
66 6481
67 6601
68 6618
69 6742
70 6891
71 6974
72 7102
73 7169
74 7252
75 7346
76 7449
77 7571
78 7709
79 7795
80 7820
81 7964
82 8072
83 8196
84 8270
85 8334
86 8411
87 8516
88 8617
89 8743
90 8899
91 8944
92 9016
93 9124
94 9302
95 9377
96 9434
97 9569
98 9654
99 9764
100 9811